1000521
1001441
1001524
1002046
1002283
1002396
1003264
1003326
1003555
1003649
1003884
1004128
1005220
1005300
1005836
1006148
1006410
1006533
1007121
1007431
1007912
1008062
1008230
1008390
1008437
1009568
1009701
1012663
1012978
1013192
1013575
1014966
1015720
1015755
1016514
1017355
1017815
1018209
1018348
1018756
1018899
1019189
1020099
1020423
1021068
1021542
1021709
1022450
1023220
1024079
1024290
1025085
1025279
1025794
1025962
1026059
1026060
1026392
1026772
1026956
1027234
1027802
1028666
1029298
1029783
1031056
1031067
1032335
1032341
1032872
1034815
1035259
1035806
1036265
1036711
1037607
1037698
1038639
1038757
1039234
1040398
1040865
1041141
1041483
1041499
1042007
1042670
1042719
1043049
1043308
1046980
1047430
1047488
1047685
1047691
1048234
1048378
1048675
1048741
1048904
1049860
1050197
1050265
1050738
1051507
1051628
1052224
1052528
1052831
1052863
1053525
1054414
1056972
1057658
1057716
1057962
1059131
1059176
1059303
1059583
1060126
1060344
1062443
1063431
1063639
1064634
1065185
1066230
1066405
1066650
1066818
1067168
1068874
1069102
1069690
1070186
1070429
1070630
1071031
1071557
1072517
1072913
1073395
1074616
1075684
1077007
1077490
1077564
1077668
1078570
1078652
1078886
1079040
1080327
1080410
1081322
1081613
1081991
1082052
1083699
1085059
1085266
1086053
1087688
1087841
1088469
1088571
1088605
1088738
1089793
1090699
1091490
1092232
1092257
1093143
1094131
1094974
1095336
1095556
1095660
1095764
1096038
1096183
1098690
1099283
1099400
1100019
1100447
1100618
1101111
1101361
1101390
1101703
1102894
1103031
1103270
1103289
1103500
1103675
1104307
1104760
1105037
1105273
1105967
1106790
1106843
1106998
1107365
1107485
1108103
1109123
1109689
1111110
1111394
1112001
1112187
1112508
1112575
1113235
1113327
1113439
1113916
1114189
1114210
1114482
1115535
1115925
1116280
1116962
1117181
1117366
1117646
1117651
1117875
1117901
1118005
1118695
1120308
1120399
1121330
1121672
1122460
1124254
1124720
1124807
1125128
1125234
1125464
1126458
1127091
1128056
1128453
1129294
1129424
1130200
1130421
1131471
1131950
1131998
1132378
1132381
1133319
1133837
1133968
1134817
1134899
1134947
1135100
1135338
1135395
1135663
1136349
1136641
1137022
1137362
1139124
1139252
1139555
1140009
1141449
1141552
1141745
1142849
1142919
1144028
1144777
1144941
1145239
1145407
1145530
1145780
1146324
1148801
1150405
1150641
1151046
1151473
1152033
1153511
1153953
1154175
1154277
1154513
1154748
1155048
1155295
1155374
1155983
1156248
1156611
1157165
1158508
1160391
1160449
1160461
1161088
1161311
1161586
1161889
1162313
1163671
1165749
1166004
1166284
1167416
1168136
1168154
1168286
1168714
1168766
1169958
1170925
1171403
1171520
1172045
1173259
1176735
1178244
1178332
1178422
1178490
1178595
1181694
1182051
1182523
1182807
1183677
1184411
1185910
1186338
1186803
1187011
1187027
1187136
1187324
1188607
1188674
1189344
1189930
1190470
1193524
1193866
1196414
1197880
1199324
1199431
1199729
1199997
1200068
1200328
1202278
1202715
1202790
1203522
1203533
1203721
1203868
1204296
1204706
1205463
1205842
1206341
1206742
1207745
1208475
1208551
1208589
1208695
1208833
1208993
1209478
1209985
1211298
1212398
1213952
1214849
1215039
1215260
1215879
1216272
1216711
1217423
1217584
1218117
1218222
1218302
1219990
1220126
1220392
1221187
1222323
1222360
1223064
1224767
1225030
1225775
1226539
1226596
1227779
1228190
1228667
1229124
1229622
1229828
1229921
1230487
1230729
1230951
1231633
1231661
1231810
1231908
1232173
1232655
1233790
1233998
1234271
1234831
1234900
1234957
1234966
1235466
1235602
1236101
1236153
1237016
1237638
1237710
1239253
1239848
1240056
1240185
1240338
1240783
1240916
1241855
1241892
1242894
1243608
1245200
1245499
1245747
1245971
1246144
1246704
1246843
1247927
1248426
1249538
1250411
1250548
1252214
1252285
1252701
1253017
1253460
1253481
1253831
1253892
1254096
1254312
1254827
1255593
1255660
1256121
1258238
1258446
1259457
1259906
1259980
1260789
1260966
1261034
1261898
1262296
1262336
1262660
1262909
1263105
1263194
1264199
1264550
1264732
1266059
1266534
1266710
1266930
1267020
1268722
1268811
1269620
1270554
1270673
1271832
1272097
1274977
1275069
1276504
1276561
1277420
1277989
1278111
1278390
1278501
1278641
1278948
1279232
1279421
1279886
1281320
1282314
1283317
1283524
1284721
1285613
1286149
1286448
1287397
1287583
1287982
1288845
1288977
1289204
1289356
1290399
1291535
1291653
1291714
1291912
1291934
1291951
1292459
1292674
1293462
1293815
1294372
1295888
1297238
1297828
1298960
1298994
1299072
1301602
1301645
1302272
1303461
1303854
1304175
1304345
1304431
1305940
1306606
1307438
1308096
1308281
1308517
1309100
1310500
1310856
1311910
1313386
1313459
1313682
1315482
1315637
1316912
1317401
1317447
1317472
1317484
1318470
1318509
1318801
1319347
1319448
1320389
1320722
1321239
1324464
1325082
1325527
1325697
1326024
1326274
1326655
1327121
1327610
1328106
1328437
1328751
1328768
1329421
1330014
1330677
1330962
1331512
1331728
1332218
1332625
1333866
1333909
1334282
1335698
1336034
1336995
1337467
1337761
1337811
1338699
1339757
1340220
1342243
1342828
1343221
1343429
1343776
1347361
1349153
1349735
1350190
1350384
1350688
1351018
1351922
1353030
1353465
1353721
1354061
1354189
1355286
1355487
1356130
1357220
1358150
1358710
1359083
1359111
1359377
1360157
1360465
1360561
1362610
1363867
1364014
1367578
1368308
1368317
1368336
1368502
1368616
1368814
1368944
1369595
1370502
1370780
1371204
1371729
1371823
1371951
1372230
1372746
1372770
1373344
1373701
1374787
1374874
1375915
1376209
1377145
1377243
1377425
1377661
1377908
1378380
1378590
1379192
1380408
1381941
1382092
1382184
1382381
1382990
1383684
1385213
1385783
1386008
1386712
1388365
1388731
1389403
1389677
1390582
1392045
1392274
1392515
1392561
1392851
1392923
1393096
1393278
1393657
1393733
1394416
1395133
1395720
1395813
1396092
1396297
1397309
1397695
1400005
1400107
1400141
1400512
1402819
1403011
1403222
1403345
1403492
1403513
1404415
1404965
1407779
1408594
1410061
1410170
1411162
1411860
1412111
1412256
1412565
1412957
1413059
1413392
1413739
1413930
1414353
1414624
1415990
1416041
1418851
1419084
1419657
1420792
1420898
1421101
1421184
1421323
1421683
1422187
1422666
1422715
1425064
1425388
1426295
1426742
1427050
1427634
1427724
1427928
1428462
1429844
1429932
1430799
1430897
1430960
1433452
1433654
1434066
1434085
1434238
1436163
1438642
1438829
1438832
1439730
1440136
1441563
1441781
1441853
1441896
1441936
1442472
1442994
1443445
1443806
1444572
1444900
1445186
1445731
1445744
1446172
1446591
1446774
1446819
1446933
1448580
1450467
1450852
1451642
1451727
1451752
1452979
1454139
1454608
1454713
1455209
1455580
1456561
1457027
1457409
1457639
1458358
1459765
1460188
1460412
1460677
1461174
1462026
1462276
1462836
1462862
1464298
1465164
1466339
1466731
1466898
1467583
1467722
1468830
1468922
1469507
1469628
1469684
1470406
1471074
1471670
1471854
1472037
1472214
1472257
1473844
1475354
1475660
1476080
1476356
1476696
1476700
1477056
1477618
1477736
1478085
1478130
1478280
1478921
1479709
1480040
1480797
1481115
1481473
1481485
1482616
1482944
1483142
1483580
1483901
1485828
1485983
1487020
1488370
1489736
1491825
1492563
1492658
1493432
1493448
1496800
1496944
1497539
1498064
1498946
1499443
1499621
1500845
1501178
1501668
1502248
1502273
1502534
1502611
1502924
1502993
1505015
1505435
1506526
1506816
1507067
1507905
1507942
1508066
1508723
1508954
1509122
1510942
1511442
1511528
1512199
1513044
1516657
1516691
1516704
1516749
1516758
1518103
1518593
1518764
1518814
1519486
1519836
1520705
1521387
1521475
1522461
1523004
1523033
1523482
1523571
1523814
1524173
1524447
1524937
1525230
1526594
1526869
1526979
1527053
1527397
1528819
1529222
1529526
1530134
1530832
1531011
1532106
1532256
1532459
1533417
1533822
1534365
1534776
1534952
1535452
1535774
1536069
1536105
1536287
1537313
1537403
1537936
1537983
1538687
1539935
1541491
1541667
1541826
1542103
1542189
1542738
1543415
1543756
1544526
1544837
1544894
1545434
1546822
1547212
1547726
1547915
1547949
1548118
1548786
1548811
1549100
1549114
1549132
1550511
1550697
1552403
1552497
1553177
1554589
1554804
1556022
1556987
1558610
1559342
1559774
1559824
1560792
1560841
1561297
1561819
1561824
1562666
1562673
1562811
1563002
1563045
1563799
1564168
1564711
1564955
1565925
1566102
1566425
1566839
1567098
1567538
1569288
1569820
1569948
1570248
1570833
1570967
1571176
1571521
1571715
1572514
1573204
1573842
1574972
1575380
1576478
1576809
1577015
1577660
1578372
1578776
1582132
1582338
1582978
1583599
1583685
1583691
1584021
1585051
1585396
1586063
1586165
1586196
1586225
1586830
1586856
1587094
1587113
1587589
1587886
1587988
1588348
1588646
1588745
1589340
1589482
1590419
1590456
1591197
1592301
1592776
1593102
1593156
1594713
1596453
1596577
1597080
1597418
1597696
1599440
1601169
1602953
1604609
1604655
1604978
1605553
1607303
1607777
1608640
1609582
1609903
1610176
1610334
1610895
1611015
1611239
1611253
1611832
1612070
1612365
1612581
1612688
1613940
1614640
1614830
1614856
1614888
1615041
1615404
1615506
1615527
1615788
1618510
1619695
1620234
1620636
1621116
1621348
1622499
1622512
1623358
1623626
1624163
1624632
1624941
1626639
1628085
1628604
1628705
1629906
1630361
1630650
1631559
1631630
1632090
1632435
1632450
1632764
1633947
1634639
1636331
1636551
1636919
1637774
1637798
1638614
1638629
1638722
1639250
1639306
1641574
1642459
1642584
1643890
1643924
1644667
1644979
1645101
1645297
1645495
1646116
1646209
1646817
1647279
1647847
1648311
1648799
1649673
1650037
1650421
1650765
1651419
1651733
1651827
1653043
1654579
1655631
1655889
1656626
1657134
1657519
1658560
1658813
1659119
1659563
1660233
1660881
1661374
1661468
1662343
1663176
1664596
1666856
1667042
1667627
1668082
1668276
1668366
1668564
1668668
1669474
1669920
1670314
1670404
1670564
1671226
1672085
1672917
1673068
1673186
1673911
1674331
1674408
1675761
1675998
1676239
1676848
1677138
1678507
1679270
1679337
1679713
1679769
1679867
1680240
1680429
1682028
1682838
1684321
1684482
1684616
1684955
1685816
1686156
1687244
1688318
1688568
1689195
1690056
1690207
1690851
1691703
1692319
1692492
1693381
1693922
1694085
1694587
1694658
1696508
1696758
1696879
1697161
1697310
1697485
1697792
1698848
1698920
1699007
1699506
1699543
1700077
1700151
1700265
1700738
1701766
1702062
1702914
1702957
1704217
1704952
1705009
1706538
1708213
1708803
1709259
1710350
1711266
1711512
1712634
1712670
1712996
1713189
1713502
1713743
1715008
1715138
1715751
1715876
1716301
1716473
1717632
1720250
1720561
1720590
1721539
1722507
1723203
1723591
1723933
1724509
1725059
1725113
1725135
1725568
1725638
1725930
1726120
1726325
1726397
1728340
1729007
1729854
1729996
1730087
1732141
1732765
1733127
1733887
1734777
1734827
1734926
1735752
1735800
1736064
1736136
1736513
1736968
1737561
1738677
1738737
1739755
1740331
1740534
1740597
1740858
1741583
1741982
1742824
1743108
1744385
1744433
1745717
1745942
1747022
1748310
1751188
1752549
1753205
1753488
1754040
1754459
1754863
1754985
1755353
1756212
1756986
1758366
1758928
1759272
1760001
1760192
1760223
1760325
1761441
1762025
1763085
1763279
1763295
1763563
1763716
1763962
1764495
1765564
1766093
1766338
1766799
1768293
1768478
1769436
1769546
1769701
1770083
1770180
1771693
1772061
1772336
1773300
1775295
1775615
1776387
1776503
1776570
1777092
1777548
1778118
1778144
1778471
1778843
1779846
1781644
1782000
1782587
1783560
1784475
1784956
1784971
1785223
1785370
1786061
1786474
1786659
1787195
1788052
1788420
1789394
1790283
1790432
1790624
1790731
1790850
1791092
1791557
1791735
1791904
1794112
1794239
1794362
1794795
1795140
1795535
1795653
1795714
1796243
1796313
1796374
1797730
1798320
1798387
1798534
1798858
1799494
1799669
1799932
1800098
1800634
1801030
1801071
1801129
1801561
1801687
1801762
1802193
1802374
1802434
1802649
1803149
1803995
1804182
1804589
1806918
1807423
1807887
1808582
1809381
1809617
1810682
1811301
1811457
1811542
1811980
1812866
1813041
1813580
1815073
1816198
1817337
1817427
1817573
1818554
1821243
1822024
1826196
1826856
1827023
1827421
1827503
1828007
1828231
1831228
1831354
1831727
1832523
1833563
1834915
1835194
1835458
1835808
1836019
1837878
1839107
1839680
1839804
1840097
1840353
1840523
1840542
1841573
1842010
1843002
1843380
1843496
1843775
1843812
1843905
1844694
1844832
1845302
1845550
1846124
1846188
1846489
1846847
1847840
1848318
1848475
1849062
1850166
1850736
1852420
1853819
1855291
1856389
1856430
1856583
1856786
1857122
1857813
1859862
1862387
1862499
1863607
1864072
1864456
1864614
1864761
1865450
1866444
1867549
1868130
1868908
1869523
1870313
1870563
1871060
1872159
1873407
1873435
1873530
1875075
1875669
1876619
1877047
1877187
1879859
1880593
1881079
1881117
1881925
1884485
1884581
1885621
1886220
1886965
1887531
1887759
1888067
1888395
1889192
1889749
1890182
1890525
1891001
1892707
1892735
1892977
1893878
1894538
1896386
1897049
1897090
1897383
1898089
1898645
1899145
1899531
1899615
1899690
1899865
1899975
1900541
1900773
1900903
1900970
1901032
1901382
1901872
1902549
1903176
1903334
1903715
1904650
1905671
1905763
1907309
1907499
1907739
1909086
1909228
1910462
1910551
1911187
1911471
1911974
1912172
1912514
1912683
1913393
1915274
1915692
1916219
1916288
1917426
1917918
1918594
1918602
1919057
1919531
1920142
1920875
1921889
1921916
1923841
1925001
1925155
1925397
1926308
1926642
1926706
1926891
1927202
1927377
1927770
1928598
1929411
1929654
1929683
1929915
1932583
1932879
1933327
1933401
1933655
1933959
1934077
1934201
1934623
1935766
1936341
1936778
1938198
1938861
1939789
1939914
1940691
1941623
1941992
1942186
1942523
1942720
1943252
1943686
1945332
1945668
1946207
1946586
1946762
1946870
1947121
1947526
1948075
1949408
1950119
1950206
1950810
1951113
1951182
1951257
1951436
1951945
1952287
1952415
1952670
1953228
1954132
1954676
1955008
1955855
1956161
1956177
1956221
1957895
1958020
1958464
1958782
1960272
1960918
1961140
1961277
1961837
1963309
1963344
1963483
1963512
1963877
1965378
1966105
1966123
1966486
1968030
1968173
1968897
1968916
1968981
1970045
1971230
1971481
1971770
1972431
1972684
1973591
1974145
1975861
1976950
1977104
1977254
1977396
1977400
1977542
1977594
1977693
1979506
1979697
1980055
1981477
1981564
1981719
1981928
1984540
1984715
1985058
1985061
1985168
1985399
1986079
1986639
1987395
1988102
1988326
1989208
1989448
1990224
1990293
1990698
1990734
1991254
1991384
1991542
1991787
1991882
1992058
1993756
1993817
1994729
1995434
1996198
1996664
1996945
1997020
1997165
1997225
1997234
1997532
1998053
1998144
1998430
1999754
1999775
2000059
2000392
2000525
2001346
2001786
2002092
2002464
2002726
2004579
2004697
2005002
2005088
2006111
2006539
2007125
2008964
2009737
2010228
2011881
2011925
2011997
2012040
2013747
2014448
2014523
2015915
2016026
2018088
2018306
2018561
2019517
2021480
2021707
2022419
2022540
2023868
2025038
2025277
2026227
2027082
2027506
2027527
2027928
2029703
2029712
2030114
2032816
2033110
2033337
2034227
2034810
2035182
2035701
2036010
2036109
2036155
2036351
2037149
2037755
2038151
2038605
2039579
2042439
2043192
2044437
2044650
2045149
2045221
2045813
2046020
2046640
2046741
2046871
2048026
2049201
2049210
2050065
2050402
2051556
2051605
2051660
2051832
2051909
2051920
2051992
2053403
2054337
2054381
2055817
2055821
2056942
2058127
2058219
2058390
2058820
2059417
2059815
2060124
2060243
2061503
2062209
2063061
2063336
2063660
2063931
2064379
2064586
2065416
2066097
2068297
2069204
2069700
2071996
2072462
2073459
2073494
2074389
2074575
2074761
2075015
2075857
2076215
2076286
2077002
2078412
2078468
2079671
2079787
2079874
2080650
2080746
2080914
2082201
2082545
2082593
2082660
2083300
2084043
2084371
2084550
2084878
2084968
2085374
2086081
2086392
2086606
2086710
2087184
2087986
2088402
2089173
2089522
2089631
2089736
2089942
2090527
2090965
2091067
2091897
2091905
2093301
2093485
2094376
2094902
2095722
2096061
2096151
2096441
2097267
2097626
2097635
2098513
2099585
2100180
2101400
2102201
2102265
2102308
2102800
2103013
2103329
2103449
2104052
2104574
2104860
2106710
2106753
2107323
2107411
2107819
2107933
2108806
2109338
2109352
2109916
2110990
2111357
2112318
2114445
2114554
2115780
2117226
2118412
2118677
2119979
2121321
2122221
2122372
2123307
2125035
2125194
2125697
2125953
2126717
2127647
2127714
2129060
2129747
2130604
2131924
2132007
2132292
2134942
2135390
2135641
2135831
2136581
2137039
2137072
2137445
2137554
2138063
2138147
2138203
2138845
2139330
2140287
2141687
2141937
2141994
2142794
2143537
2144597
2144710
2145047
2145998
2146317
2148535
2149225
2149585
2151636
2153173
2153439
2153484
2153740
2154197
2154426
2155997
2156032
2156382
2156801
2157098
2157899
2158387
2158392
2158611
2159985
2161267
2161510
2161876
2162367
2162837
2163055
2163438
2163640
2165606
2166053
2166445
2166488
2166575
2167034
2167097
2168848
2169651
2171356
2171912
2172164
2172626
2174473
2174624
2175147
2175225
2175566
2175922
2176357
2176651
2178030
2178586
2178978
2179907
2180652
2180796
2181575
2181632
2181749
2181879
2182514
2184836
2184939
2185775
2186179
2187482
2188898
2189563
2189828
2192056
2192235
2193187
2193614
2193811
2194751
2195240
2195874
2196009
2197589
2198263
2199086
2199426
2199738
2200009
2201026
2201287
2202525
2203256
2204155
2205125
2205727
2205987
2206204
2206286
2206367
2206444
2206805
2206934
2207093
2209744
2209874
2210024
2210343
2210721
2211528
2212183
2213018
2213500
2213636
2213819
2214468
2214563
2214847
2214896
2214954
2215266
2216430
2216562
2217190
2217372
2218239
2218519
2220412
2221765
2221956
2222486
2223623
2223659
2225083
2225820
2226051
2226559
2226581
2228289
2228479
2229639
2230004
2230228
2231302
2231805
2233081
2233169
2233967
2233988
2234025
2234301
2234429
2234826
2235128
2235196
2235305
2235774
2236255
2236373
2236385
2236527
2237073
2238274
2239118
2239312
2239346
2240054
2240293
2240565
2241115
2241414
2242642
2243767
2243821
2244043
2244773
2245649
2245872
2246309
2246318
2246796
2246861
2247196
2247675
2247741
2248109
2248370
2248790
2249019
2249905
2250984
2251019
2251100
2251311
2251937
2252057
2252446
2253046
2253186
2253217
2253505
2253645
2253787
2255084
2255260
2256556
2257164
2257256
2257315
2257820
2258409
2259774
2260133
2260542
2260927
2261212
2261824
2262368
2262733
2262880
2263959
2264103
2264955
2265233
2266193
2266497
2266742
2267697
2267745
2268060
2268589
2269481
2270023
2272063
2272128
2272316
2272406
2272802
2274013
2274788
2274840
2274883
2276390
2276932
2278161
2281778
2283084
2283554
2283673
2284650
2285310
2287945
2288385
2288391
2288668
2288821
2288953
2289435
2290864
2291469
2292190
2293279
2293705
2293940
2295702
2296250
2296942
2297079
2297420
2297507
2298613
2298674
2298797
2298818
2299680
2299919
2302259
2302733
2303812
2304228
2306145
2306188
2307026
2307612
2308198
2309040
2309478
2309641
2310263
2310292
2310552
2311496
2312066
2312544
2313720
2314589
2314772
2315192
2315325
2317892
2318222
2318513
2318601
2319009
2319819
2322184
2322246
2322381
2322438
2322640
2323011
2324050
2325114
2326021
2328448
2329238
2330345
2330507
2331085
2331520
2331723
2331794
2331999
2332166
2332298
2332783
2334510
2335671
2336268
2337005
2338506
2338821
2339383
2340056
2341138
2341734
2341797
2342816
2344705
2345081
2345993
2348125
2349098
2350212
2350871
2351142
2351244
2351543
2352266
2352436
2352499
2352551
2353669
2354827
2355616
2356356
2356550
2357235
2358227
2358587
2359396
2360083
2360349
2360572
2360725
2360892
2361826
2363580
2363793
2363901
2364409
2364968
2365264
2366753
2367990
2369056
2369235
2369577
2369870
2370120
2370657
2370704
2370838
2372835
2374548
2374683
2375287
2375357
2375415
2376056
2376515
2376905
2377079
2377154
2377277
2377550
2377569
2377684
2378164
2379440
2381059
2382137
2382527
2382788
2384067
2384226
2384453
2384799
2385390
2385900
2386630
2386720
2387065
2387192
2387278
2387397
2387827
2388845
2389729
2390660
2391409
2392099
2392180
2393679
2393877
2394012
2396506
2396840
2397531
2398056
2398631
2398870
2399084
2399599
2401200
2401285
2401753
2402074
2402625
2403253
2404439
2405083
2405099
2405111
2405725
2406429
2406619
2406720
2407187
2409079
2411272
2411336
2412720
2413211
2414675
2414713
2414726
2415026
2417258
2418584
2420977
2421391
2421947
2422214
2422956
2424467
2425265
2425931
2426371
2426507
2426805
2427549
2429365
2429813
2430008
2430377
2430641
2432317
2434006
2435326
2435520
2435592
2435936
2436739
2437203
2437986
2438237
2438242
2438508
2439327
2439812
2440228
2441080
2441492
2442219
2442844
2442900
2443546
2444505
2444841
2445153
2446314
2447145
2447531
2450392
2450753
2451722
2451907
2454098
2454373
2455274
2455343
2456596
2457829
2457992
2458353
2458429
2459509
2460290
2460418
2460455
2460700
2460714
2462241
2463575
2464230
2465980
2466774
2467627
2467772
2467971
2468181
2468603
2468767
2469362
2469435
2469502
2469588
2470366
2471343
2471577
2471631
2471923
2472759
2473542
2474169
2475370
2475583
2476103
2476955
2477932
2478330
2478492
2479819
2479961
2480275
2480792
2481640
2481915
2483379
2483465
2483889
2484955
2485773
2486759
2487901
2489887
2490157
2490799
2491416
2491973
2492757
2492805
2492859
2493251
2493591
2495169
2495664
2496187
2496913
2496982
2497275
2497807
2499901
2500098
2503070
2503104
2504174
2506151
2506556
2507040
2507180
2507423
2507459
2508006
2508079
2508513
2508894
2509713
2509769
2509782
2511089
2511755
2513263
2513329
2513836
2514946
2515649
2515999
2516266
2516331
2517009
2517915
2518950
2520038
2521102
2521264
2521576
2522185
2522889
2523072
2523786
2524075
2524267
2524876
2525254
2525542
2526110
2526621
2526893
2527042
2527060
2527094
2529077
2530488
2530599
2531909
2532339
2532396
2533000
2534617
2534867
2535074
2535404
2535552
2535603
2535972
2537027
2537249
2537700
2537729
2537997
2538164
2538613
2539971
2540396
2541922
2542368
2542554
2542600
2543343
2543905
2544616
2544891
2545330
2545860
2547041
2547194
2547477
2548546
2549054
2549641
2549725
2549831
2549863
2549892
2552038
2552526
2553044
2553196
2554872
2555739
2556176
2557400
2557457
2557671
2558885
2558891
2558909
2559098
2559373
2559422
2560246
2560268
2560949
2562016
2565015
2565832
2566903
2569070
2569491
2569688
2570425
2570587
2570690
2571765
2572098
2572458
2572490
2572836
2573189
2574207
2574496
2574586
2576070
2578212
2578394
2579393
2579816
2579859
2580239
2581345
2582626
2583417
2583919
2584158
2584581
2585495
2585741
2586035
2586422
2586490
2586808
2588717
2588851
2592378
2593476
2594160
2594579
2596179
2596712
2597413
2598186
2598217
2598485
2598693
2598979
2599073
2599238
2600052
2600108
2600330
2600356
2601048
2601531
2604416
2604682
2605537
2605602
2605619
2605813
2606378
2607392
2607784
2608415
2608899
2608972
2610739
2610956
2611673
2612020
2612323
2612573
2612662
2614255
2614357
2614719
2614901
2614928
2615114
2615439
2615496
2616698
2618559
2619264
2619382
2620074
2620646
2620670
2620719
2620862
2620899
2621067
2621269
2621428
2622032
2622587
2623217
2623693
2623787
2624005
2624589
2624796
2625599
2626727
2626944
2627106
2627613
2628324
2629044
2629735
2630414
2630841
2632259
2633504
2634239
2634317
2636227
2636801
2636908
2637082
2637160
2637178
2637527
2637702
2638200
2638273
2638988
2640657
2641061
2642581
2642938
2643810
2643872
2644654
2645771
2646207
2646410
2646533
2646981
2647006
2648553
2652209
2652357
2652899
2653450
2653474
2654030
2655111
2655322
2655358
2656339
2656850
2657072
2657131
2657278
2657430
2658165
2658184
2658225
2658427
2658495
2659140
2659444
2660125
2660857
2661222
2661823
2661925
2662584
2663078
2663804
2663919
2664122
2664776
2665196
2665915
2666461
2667000
2667048
2667313
2667661
2667828
2669163
2669562
2670241
2670364
2670905
2671293
2671584
2672117
2673055
2673411
2673464
2675320
2675643
2675971
2676118
2676187
2676517
2677619
2677874
2678189
2678407
2678519
2678866
2680044
2681007
2681329
2681821
2682765
2683106
2683797
2685033
2686043
2686079
2687088
2687338
2689051
2691347
2691906
2692077
2692336
2692482
2692567
2693357
2698749
2698786
2698974
2699676
2700039
2700536
2701681
2701795
2702254
2702688
2703382
2704009
2704438
2704636
2705231
2705595
2705646
2708349
2709355
2709877
2710748
2711130
2711188
2711828
2713010
2713402
2713575
2715046
2715448
2716316
2717440
2717568
2718404
2718883
2719336
2719857
2720021
2721835
2721874
2721980
2722033
2722829
2723719
2724324
2724371
2724970
2725677
2725962
2727557
2727893
2728974
2729775
2730579
2731019
2732211
2732716
2733645
2733979
2734551
2734772
2735715
2736247
2736354
2736441
2736556
2737361
2737712
2737876
2739147
2739707
2741059
2741309
2742159
2742817
2743112
2743659
2743909
2744717
2745164
2745547
2746070
2747334
2747517
2748076
2748360
2748621
2748977
2749492
2750296
2750567
2750681
2751610
2752789
2753747
2754221
2754262
2754396
2754630
2755234
2755591
2755741
2756220
2756996
2757124
2758401
2758687
2759028
2759424
2761583
2761722
2761935
2762031
2763154
2763330
2764123
2764564
2764579
2764756
2764883
2765298
2765736
2767103
2767151
2768149
2769057
2769124
2769335
2770835
2770943
2771101
2772614
2772758
2773024
2773586
2773994
2774015
2774336
2774340
2774623
2774659
2775842
2775878
2778060
2778570
2778796
2779245
2779626
2780019
2780717
2780754
2782455
2782535
2782582
2782894
2783270
2783798
2783856
2784677
2785534
2785551
2785597
2785861
2787177
2787429
2788049
2788201
2788210
2789511
2790819
2791373
2791788
2792546
2793416
2793442
2793682
2793855
2794303
2795125
2795829
2795891
2796785
2797937
2798369
2798587
2798604
2798615
2799115
2799813
2800019
2800484
2801224
2801510
2801863
2802444
2803782
2803819
2803922
2803986
2804073
2804592
2804661
2805877
2809142
2810208
2810254
2810301
2810542
2810731
2810776
2811360
2811867
2812471
2812685
2813762
2813825
2814170
2815277
2816921
2817231
2817486
2817767
2817808
2819036
2819725
2820090
2821136
2821582
2822442
2823257
2823652
2824275
2824473
2824943
2825406
2825411
2825662
2827335
2827398
2827622
2828754
2828825
2829109
2830924
2833569
2833757
2834098
2835045
2835071
2835241
2835803
2835960
2836083
2836818
2836929
2837571
2838089
2838429
2841357
2842248
2843099
2843202
2843390
2844648
2844786
2845317
2845605
2845866
2845992
2846233
2846290
2847056
2847803
2848576
2848723
2848760
2849602
2850377
2851089
2851792
2851943
2852336
2852413
2852987
2853511
2855649
2855759
2855872
2856861
2857359
2857394
2857819
2859484
2859916
2860181
2861100
2861379
2862781
2864387
2864462
2866498
2866780
2867315
2868513
2868541
2868989
2869128
2869289
2869769
2870095
2870997
2871563
2871716
2873456
2874322
2874770
2875560
2876063
2876617
2876735
2877232
2877570
2878506
2878899
2879004
2879058
2879189
2882262
2882491
2882688
2883145
2883658
2885527
2886173
2887823
2888349
2889200
2889772
2890279
2890451
2890633
2891248
2892082
2892263
2892901
2893829
2893866
2894100
2895914
2896301
2896466
2897047
2897205
2897471
2898009
2899117
2899513
2899934
2900678
2901367
2901431
2901487
2901816
2902481
2902789
2903081
2903475
2904149
2905092
2905225
2905707
2906404
2906724
2906947
2907295
2908274
2910048
2912332
2914298
2914708
2914846
2915143
2915900
2916262
2916720
2918867
2919052
2919324
2919409
2920717
2921138
2921613
2922080
2922261
2922330
2923018
2923548
2924029
2925060
2925126
2925344
2925355
2927070
2927365
2927594
2927898
2927943
2928058
2929287
2929965
2930076
2930824
2931209
2931719
2932392
2932606
2933271
2933322
2933831
2934749
2934895
2935963
2937428
2937439
2937655
2937663
2937708
2937978
2938794
2939537
2940680
2942234
2942268
2942654
2943356
2943418
2943492
2944116
2944668
2944719
2944910
2945868
2945994
2946613
2946844
2946973
2947623
2948122
2948485
2949091
2949156
2949975
2950507
2951066
2952577
2954607
2955158
2955283
2955537
2956830
2956933
2958050
2958391
2958612
2958668
2959151
2960325
2960777
2962221
2963000
2964055
2964949
2966343
2966561
2966618
2968607
2968698
2969475
2969833
2970358
2971012
2971221
2972885
2973194
2973348
2974653
2975264
2975398
2975451
2975853
2976739
2977055
2977741
2978445
2978632
2978827
2979166
2980218
2980527
2980836
2981213
2982048
2982489
2982742
2982896
2983186
2983365
2983542
2984016
2984589
2984993
2985562
2985864
2987613
2988700
2989184
2990025
2990051
2990097
2990353
2990979
2991735
2991915
2992402
2994556
2994752
2994992
2995261
2995409
2995444
2996716
2998956
2999224
2999460
2999572
3001291
3002634
3004905
3005390
3006301
3007278
3007536
3007852
3008268
3008933
3008958
3009233
3009696
3010368
3010554
3011918
3012384
3012995
3013193
3013576
3014165
3014342
3014675
3014782
3019273
3020573
3020824
3022078
3022376
3023876
3024974
3025931
3026215
3027306
3027994
3028102
3029097
3029275
3029299
3029523
3029559
3030021
3030138
3030164
3031432
3033142
3033745
3034878
3035940
3038047
3040197
3040963
3041038
3041215
3041330
3042390
3043291
3043363
3044671
3044869
3045323
3047102
3047759
3048226
3048401
3049120
3049163
3050257
3050597
3050701
3051456
3051998
3052557
3052573
3052591
3052782
3053665
3053997
3054013
3054477
3055088
3055897
3056349
3056831
3056855
3057049
3057752
3058034
3058645
3058874
3059497
3059544
3059865
3060199
3060444
3061029
3061102
3061280
3061313
3061497
3062191
3062352
3062496
3062812
3063010
3063974
3065559
3066464
3067214
3070767
3070808
3070910
3071088
3071282
3071515
3072102
3072307
3072604
3072649
3073448
3073995
3075488
3076015
3076022
3076103
3076253
3076738
3077054
3077127
3077256
3078418
3078859
3078878
3079009
3080115
3080776
3081055
3081246
3081662
3081986
3082424
3083071
3084090
3084336
3085492
3086102
3086374
3086705
3087527
3087625
3088214
3088376
3088475
3089152
3089494
3089501
3089831
3089855
3090166
3090834
3091179
3091892
3092420
3093741
3093922
3094124
3094307
3094425
3094690
3095971
3096242
3096562
3096982
3097353
3097744
3097835
3098189
3098354
3098469
3098642
3099745
3100980
3101184
3101406
3101443
3101585
3101977
3102517
3103364
3103631
3104253
3104354
3105290
3105418
3105476
3106705
3106759
3106908
3107159
3107209
3107314
3107458
3109075
3109607
3109797
3110218
3110840
3112188
3113693
3114023
3114273
3116891
3117224
3117973
3118700
3118805
3121131
3121223
3121334
3122699
3124026
3124287
3124953
3125496
3125775
3125799
3126377
3126887
3128898
3129810
3131167
3131171
3131451
3134256
3134267
3134271
3135396
3135792
3135807
3135869
3136020
3136323
3136845
3138875
3139015
3139362
3139706
3139727
3139738
3140207
3141202
3141377
3142043
3142204
3145023
3146223
3146346
3148090
3149050
3149477
3149668
3149928
3150621
3150893
3151506
3152320
3153164
3153349
3153966
3154312
3154368
3154749
3155362
3155681
3156535
3156970
3159240
3159938
3160932
3161217
3161339
3161396
3161874
3163142
3163160
3163461
3163899
3164038
3164550
3165295
3165828
3166229
3166534
3166971
3168047
3168303
3169157
3169754
3170010
3170312
3170325
3170907
3171265
3172158
3172656
3172906
3172995
3173369
3173661
3173828
3174172
3174915
3175013
3175385
3176282
3176484
3176783
3176868
3179107
3179796
3180238
3182041
3182123
3183201
3183764
3184207
3185040
3185143
3185437
3186068
3186236
3186744
3187540
3187562
3187843
3188608
3188802
3189175
3189455
3189665
3189903
3190272
3190383
3190530
3190920
3193417
3193440
3193499
3194656
3195621
3196041
3196292
3196477
3197119
3197156
3197280
3197760
3198401
3199109
3200041
3200527
3201343
3201504
3201515
3202032
3202737
3203807
3204214
3204499
3205010
3205072
3205216
3206955
3207111
3208154
3208330
3208970
3209044
3209381
3210478
3210863
3211283
3211667
3211850
3212004
3212469
3212738
3213634
3214330
3214431
3215280
3215374
3216042
3217092
3217394
3217824
3218926
3219311
3220476
3220748
3221633
3221853
3222191
3222207
3222803
3223508
3225523
3225744
3226819
3227318
3227728
3228013
3228123
3229556
3229743
3229918
3230419
3230467
3230471
3231659
3232560
3234621
3234699
3234726
3235231
3235461
3235875
3236129
3236762
3237277
3238040
3238746
3239512
3239988
3240353
3240429
3241573
3242864
3242950
3243721
3244426
3244545
3244571
3245455
3245628
3246171
3246962
3247218
3248037
3248081
3248804
3248877
3249075
3249390
3250717
3250740
3250923
3252199
3252507
3252748
3252989
3254029
3254280
3255421
3255597
3255822
3256599
3256761
3257938
3257964
3258170
3258920
3259013
3259651
3259953
3260212
3260824
3260867
3261255
3262627
3262701
3262849
3263386
3263973
3265340
3265918
3266154
3266222
3266672
3267410
3268622
3268853
3269149
3270193
3270615
3270847
3271078
3271291
3271664
3272194
3272821
3274071
3274721
3275040
3275322
3275876
3276070
3276792
3277599
3277600
3278621
3278977
3279535
3279541
3280061
3280752
3281117
3282106
3282224
3282510
3282789
3283060
3283728
3283967
3284161
3285128
3285888
3286564
3286756
3286836
3287604
3287742
3287810
3288736
3289039
3289397
3289540
3289761
3290078
3290739
3291733
3292063
3292713
3293816
3294007
3294702
3295114
3295207
3295410
3295897
3296164
3296703
3297814
3298158
3298709
3300378
3303017
3303650
3303876
3305752
3306672
3306791
3307207
3307620
3308032
3308307
3309671
3310504
3311230
3312507
3312968
3313055
3313212
3314801
3316370
3318061
3318873
3318909
3319218
3319486
3319603
3319984
3320350
3320658
3321849
3321877
3321902
3322255
3322404
3322449
3322862
3323944
3324327
3325021
3325219
3326186
3326190
3326372
3326560
3327192
3327205
3327941
3328342
3329079
3329261
3329672
3330605
3331345
3331418
3333436
3334115
3334516
3334671
3335845
3336123
3337252
3338129
3338897
3340127
3340478
3340682
3340876
3341275
3342272
3342593
3342891
3344079
3344302
3344785
3345307
3345520
3346214
3346318
3348419
3348575
3348749
3348852
3348913
3349185
3349558
3350178
3350939
3351235
3351590
3352000
3352604
3353070
3353217
3354512
3354710
3355749
3355926
3356407
3356545
3359128
3359411
3360046
3360190
3362397
3363692
3364530
3364832
3364873
3365175
3365183
3365487
3365773
3365903
3366587
3367329
3367996
3368784
3370534
3370606
3371562
3371583
3373183
3373258
3373535
3373672
3373925
3374511
3377659
3378688
3379167
3379839
3380199
3380324
3380371
3381029
3381313
3381425
3381470
3382484
3382549
3382994
3383673
3383790
3384698
3385372
3386101
3387849
3388404
3388564
3389482
3389866
3390047
3390242
3390325
3391918
3391955
3392158
3392731
3392835
3392898
3393576
3394087
3394316
3394640
3395013
3395771
3396504
3396868
3398572
3399150
3399376
3399417
3399753
3401781
3402274
3402631
3404036
3404267
3404553
3405034
3408082
3409593
3410135
3410291
3410877
3411028
3411673
3413038
3413204
3414035
3414579
3415114
3415226
3415465
3415937
3416698
3417694
3418133
3418254
3419243
3419295
3419896
3420580
3420595
3420719
3420910
3421132
3421207
3422446
3423619
3423952
3424849
3424956
3425562
3425666
3427040
3427789
3428290
3430003
3430731
3430826
3431636
3432260
3432843
3432941
3433002
3433207
3433439
3433868
3435672
3435700
3435785
3436085
3436313
3437160
3437808
3438059
3438627
3439349
3439539
3440176
3440368
3440758
3440864
3440926
3441004
3441058
3442630
3442731
3442763
3443032
3443188
3443264
3443350
3444394
3444782
3444949
3445276
3447732
3448293
3448349
3450280
3452730
3452836
3453743
3454191
3454472
3454504
3454978
3455230
3456826
3457521
3459290
3459476
3459541
3459672
3459714
3459823
3460146
3460660
3461330
3461367
3463273
3464240
3464813
3465031
3467872
3468056
3468364
3468663
3468942
3469281
3470343
3471040
3471405
3471789
3471809
3474145
3475037
3475664
3475924
3475945
3478354
3478764
3478885
3480893
3481771
3482440
3482462
3483789
3485681
3488091
3489882
3491537
3492189
3492296
3492426
3492678
3492987
3493244
3494860
3495295
3495865
3495921
3496005
3496309
3496597
3497381
3497782
3498192
3498424
3499663
3499959
3501442
3501887
3502011
3502117
3502513
3504145
3504690
3505023
3505503
3505815
3506096
3506144
3506192
3506685
3506950
3507602
3508795
3509449
3510448
3510516
3510755
3511452
3512334
3512424
3513515
3513762
3515639
3515766
3516374
3516759
3517527
3517771
3518376
3518454
3518877
3519528
3519607
3519725
3519751
3520061
3520265
3520413
3520727
3520891
3522127
3522991
3524149
3524980
3526159
3528590
3528775
3530174
3530214
3531629
3531907
3532087
3532297
3532977
3533079
3534603
3536361
3537336
3538630
3539451
3540608
3541069
3542060
3543021
3543288
3545637
3545955
3547327
3547631
3547754
3548000
3548587
3548592
3548884
3550322
3551025
3551275
3551776
3551835
3552058
3552151
3552498
3552694
3553373
3553538
3553634
3554064
3554684
3554696
3555604
3555615
3555810
3556993
3557495
3560357
3561071
3561207
3561235
3561484
3562130
3562326
3563301
3563911
3564804
3565370
3565673
3566146
3566593
3566795
3566832
3566885
3567584
3568261
3568894
3569495
3569608
3569707
3569819
3569904
3570258
3570319
3572504
3572708
3573065
3573974
3574143
3575254
3576165
3576856
3577355
3577392
3578357
3578788
3578836
3578965
3581077
3581616
3582089
3583518
3583737
3583921
3584359
3584378
3584922
3585105
3585928
3586067
3587324
3587569
3588390
3588957
3589993
3591005
3591695
3593321
3593678
3595180
3596619
3597632
3597648
3597777
3597998
3598018
3598479
3600474
3601653
3602510
3603169
3603273
3603331
3603638
3603679
3605139
3606433
3607193
3607649
3609761
3610374
3610810
3611107
3611392
3612292
3612910
3613413
3613711
3613987
3614472
3614496
3614799
3616414
3616688
3616709
3617691
3619027
3619080
3619175
3619700
3619748
3619934
3620889
3621138
3622732
3623020
3623044
3623741
3623922
3624211
3624252
3625627
3625753
3626648
3627025
3627688
3628413
3628469
3628891
3629137
3629415
3629543
3630251
3630636
3631854
3631899
3631965
3632525
3633386
3633510
3633584
3634508
3635711
3635992
3636860
3637644
3638592
3639208
3639594
3640815
3641144
3641259
3641554
3642337
3642713
3643204
3643487
3644422
3644875
3645241
3645721
3645916
3646230
3646304
3646613
3647015
3647354
3647829
3647848
3648070
3648221
3649085
3649412
3649649
3649896
3650038
3650108
3650183
3650574
3650748
3652250
3652586
3655624
3655807
3656654
3656675
3656798
3657355
3657387
3657417
3657568
3658651
3659033
3659272
3659800
3660216
3660424
3660517
3661103
3661678
3661866
3662104
3662254
3662581
3662755
3662826
3662927
3663057
3663446
3663497
3663677
3663865
3664147
3664378
3664741
3666114
3666740
3667463
3667541
3667684
3667729
3668062
3670315
3670333
3670751
3670900
3671485
3671559
3672502
3673580
3675520
3676796
3677268
3678047
3678517
3679868
3680506
3681071
3681453
3681620
3683353
3683826
3684680
3684993
3685192
3686435
3686711
3687195
3687271
3690217
3691128
3692278
3692733
3692790
3695356
3695881
3696206
3696238
3696369
3696716
3697433
3697745
3697817
3698436
3698858
3699703
3699948
3700169
3700652
3700858
3701072
3701368
3703773
3703968
3705056
3705213
3705453
3706021
3706442
3707435
3707814
3707955
3708158
3708448
3708826
3708911
3708979
3710469
3712459
3712547
3713710
3713967
3714560
3714813
3714979
3715915
3716314
3716552
3716875
3716953
3717468
3718846
3719926
3720012
3721585
3722704
3724086
3724112
3724832
3725672
3726658
3727159
3728355
3728611
3728971
3729179
3729315
3729405
3729416
3730132
3730250
3730395
3731202
3731271
3731596
3731635
3731712
3732154
3733031
3733184
3734119
3734335
3735475
3735877
3735971
3736685
3738061
3738197
3738530
3738976
3740121
3740526
3740925
3741335
3742558
3742631
3743346
3743397
3744256
3744271
3744478
3744565
3744809
3745236
3745328
3746270
3746500
3746683
3747858
3748625
3749103
3750281
3751694
3752158
3753048
3753509
3753896
3755883
3758288
3758315
3758596
3758746
3758768
3758797
3758957
3759016
3759627
3760374
3763058
3763201
3763321
3763637
3764148
3764504
3765179
3765957
3766208
3766301
3768087
3769136
3769639
3770147
3772967
3773111
3773876
3774827
3776204
3776431
3777916
3778057
3779177
3781046
3781718
3782022
3782086
3782450
3783050
3784541
3784934
3785470
3786638
3789173
3789533
3789889
3789994
3790939
3792279
3792658
3793619
3793835
3794919
3795216
3796354
3797195
3797256
3797572
3797932
3798052
3799147
3799411
3800818
3801070
3801161
3801523
3801594
3801656
3801718
3801813
3802134
3802711
3802829
3805622
3806728
3806930
3807323
3807342
3807452
3809030
3809088
3809561
3809586
3809692
3810018
3810234
3810323
3810915
3811490
3812174
3812679
3813478
3813669
3814614
3815498
3816968
3817352
3817590
3818119
3819807
3819835
3821588
3821800
3821885
3822161
3822275
3822776
3823193
3823335
3824055
3826327
3827766
3828256
3828460
3828674
3828703
3828789
3828818
3828844
3829126
3829291
3829551
3829988
3830124
3830446
3830677
3831309
3831701
3831815
3832366
3832373
3832511
3833857
3835180
3835390
3836089
3836283
3836619
3836850
3837657
3838532
3838856
3839261
3841343
3841439
3842252
3844568
3845786
3846015
3846752
3847075
3847459
3850731
3851443
3851591
3852163
3852657
3854795
3854866
3855367
3855463
3855526
3856188
3856252
3856307
3857314
3857651
3857996
3858273
3859271
3859293
3859818
3859932
3860515
3860994
3861083
3861797
3861887
3862162
3862345
3863443
3863735
3864592
3864853
3865309
3866072
3866974
3869276
3869793
3870022
3870866
3871175
3871290
3871409
3871444
3871492
3871574
3871601
3871757
3873059
3873796
3873804
3876160
3876231
3876767
3878379
3880078
3880765
3880924
3881001
3881424
3882427
3884181
3885311
3885846
3887049
3887779
3887885
3888755
3888792
3889085
3889279
3889563
3889847
3889921
3889936
3891677
3891884
3892056
3892708
3894855
3894914
3896153
3897993
3898159
3898580
3898808
3898947
3899033
3899061
3899210
3899399
3899681
3899752
3899800
3900192
3900488
3900864
3901077
3901918
3902158
3902301
3902882
3904337
3904904
3904933
3905137
3905220
3905477
3905719
3906687
3907043
3908219
3908390
3908539
3908820
3908876
3908957
3909861
3909886
3911403
3911622
3911917
3912609
3912978
3913334
3913632
3913657
3915236
3915560
3916076
3916514
3916699
3917849
3917919
3918050
3918263
3918552
3920127
3920820
3922340
3922891
3923300
3924162
3925954
3926200
3927735
3928583
3929129
3930702
3930756
3930771
3931472
3931609
3932085
3932091
3932243
3932587
3933046
3933709
3936399
3937083
3937789
3938463
3939480
3939573
3940295
3941611
3941833
3942449
3943530
3943829
3944213
3944825
3944960
3945361
3945712
3947237
3948654
3948699
3949601
3949878
3950134
3950321
3950848
3952180
3952245
3952501
3954097
3954693
3955018
3955110
3955411
3956373
3957940
3957975
3958114
3959131
3959163
3960815
3960967
3961072
3961419
3961982
3962316
3962617
3963598
3963610
3964159
3964486
3964511
3965185
3965250
3965269
3965379
3966075
3966820
3967588
3967678
3967992
3968190
3968581
3968619
3969066
3970667
3971360
3973030
3973173
3973812
3973825
3975700
3975912
3976369
3978710
3980269
3980631
3981596
3982319
3982535
3983270
3984369
3984865
3985150
3985232
3985597
3985784
3987347
3988077
3988441
3989255
3989996
3990529
3990636
3990904
3991332
3991646
3993966
3994120
3994131
3994259
3995004
3995779
3995909
3996766
3997132
3997352
3999542
3999693
3999720
3999943
4000095
4000934
4000951
4001238
4001716
4002825
4003065
4003242
4004017
4004957
4006234
4006867
4007248
4007331
4007462
4008220
4010037
4010331
4010376
4010597
4010652
4010701
4010902
4011758
4011907
4012617
4012636
4012802
4012990
4013027
4013162
4013233
4014160
4014490
4014646
4015343
4016789
4016914
4017189
4017530
4017857
4018070
4018217
4018353
4018384
4018656
4019341
4019810
4019865
4020314
4020422
4020984
4022167
4022518
4022828
4024042
4025540
4027510
4027985
4028639
4028881
4028912
4029933
4031654
4031824
4033282
4033851
4034407
4034482
4035550
4035773
4035903
4036705
4037220
4037817
4039929
4040493
4040786
4041022
4041265
4041498
4042429
4042980
4043238
4043434
4043520
4043658
4043839
4043954
4044055
4045595
4046213
4046343
4046439
4046496
4046533
4046676
4047946
4048075
4049174
4049200
4049753
4050188
4050193
4050872
4051273
4051355
4053086
4053399
4053482
4054905
4055377
4055460
4056310
4056414
4057281
4058464
4058495
4060170
4060519
4061601
4062230
4063229
4063680
4064275
4064505
4065608
4066668
4067227
4067412
4067497
4067615
4067865
4068343
4068687
4069334
4070717
4071481
4072444
4072912
4073411
4074091
4074936
4075568
4075747
4077283
4078022
4078170
4078681
4079026
4079181
4080337
4080500
4081069
4081082
4081730
4082214
4082534
4083293
4083553
4083831
4084109
4085375
4085399
4085413
4085567
4086079
4086463
4087504
4087515
4087644
4087937
4089299
4090584
4090820
4090887
4091161
4091667
4091693
4092764
4093461
4093953
4094859
4096037
4096232
4096440
4097735
4097741
4098294
4098950
4099439
4100018
4100225
4100479
4101255
4101965
4102135
4102408
4103322
4103416
4103494
4104278
4105265
4105681
4105706
4106095
4106290
4106946
4107067
4107401
4107721
4108091
4108145
4108759
4108921
4109161
4109457
4109755
4111099
4111245
4111288
4112258
4114661
4114962
4115344
4115902
4116600
4117221
4117275
4117384
4117429
4117813
4118605
4118780
4119329
4119651
4121214
4121551
4121765
4121924
4123567
4123918
4124522
4125143
4125361
4126240
4128394
4128782
4128904
4128977
4129261
4130125
4132607
4132948
4133081
4133475
4135031
4136244
4136287
4136506
4136928
4137403
4137936
4138736
4138740
4138812
4139065
4139242
4140650
4141025
4141542
4142399
4142681
4142694
4143348
4143415
4144121
4145188
4145884
4146890
4146993
4147608
4149343
4150314
4150625
4150965
4151071
4151274
4151484
4153671
4154664
4154930
4155370
4155666
4156004
4156061
4156637
4156659
4156681
4156857
4156918
4156931
4156944
4157322
4157442
4158324
4158526
4158535
4158639
4159741
4160995
4161101
4161289
4162281
4162424
4164049
4164780
4165027
4166658
4166661
4167178
4168198
4168993
4169358
4170285
4170956
4171880
4172411
4172774
4175327
4175395
4176164
4176288
4176361
4176423
4176553
4177832
4177873
4179335
4179509
4179716
4179884
4180492
4180535
4180574
4181048
4181057
4181555
4182282
4182590
4182717
4183389
4184333
4184682
4184887
4185594
4186707
4189112
4189265
4189556
4190521
4190666
4191033
4191482
4191519
4192594
4192755
4192787
4193048
4193468
4194585
4195105
4195449
4195486
4195612
4195689
4196352
4197222
4198062
4198271
4198572
4198596
4198948
4198957
4199257
4199804
4199858
4200960
4201202
4201358
4202647
4202989
4203394
4203922
4204716
4205454
4205546
4205772
4206583
4209231
4209511
4209771
4210792
4210841
4211557
4212312
4212351
4212599
4212600
4213352
4213775
4214049
4214134
4214407
4215052
4215610
4216032
4216279
4216544
4216778
4217603
4218037
4218257
4219202
4219876
4220086
4220265
4220706
4221277
4221420
4221842
4222304
4223924
4224353
4226159
4226255
4226422
4228889
4229445
4230849
4231192
4231260
4231864
4232557
4232741
4232904
4234013
4234771
4235586
4235981
4236596
4236855
4237201
4237545
4239760
4239853
4240381
4241373
4241793
4241901
4244880
4245170
4245441
4245795
4248238
4248335
4248936
4249122
4249505
4251560
4251995
4252004
4252284
4252779
4253901
4254513
4255936
4256291
4256475
4257289
4257480
4258852
4259071
4259609
4259937
4260007
4260984
4261213
4261736
4262029
4263624
4265144
4265325
4265685
4265838
4265935
4266571
4266800
4267293
4269741
4270526
4271057
4272496
4273176
4274416
4275236
4275299
4275491
4275619
4275667
4276076
4276139
4277059
4278385
4278538
4279015
4279399
4279571
4280131
4282645
4282980
4284438
4284802
4285041
4285116
4285373
4285511
4285670
4285756
4287199
4287249
4287371
4288528
4288626
4289363
4289919
4290509
4291728
4292883
4293228
4293375
4293944
4294185
4295596
4296236
4296645
4298101
4298153
4298270
4298305
4299672
4299989
4301019
4301024
4302544
4302705
4303208
4303491
4303560
4303850
4304113
4305039
4305084
4306022
4306426
4306678
4307008
4307725
4307797
4308261
4308444
4308535
4309707
4310202
4310416
4310635
4311012
4311473
4312022
4313098
4314162
4314729
4314773
4315615
4315917
4316440
4316833
4318312
4320249
4320785
4320970
4321374
4322226
4322241
4323155
4323536
4323575
4324164
4324887
4325671
4326893
4327042
4327664
4328137
4328689
4329482
4329779
4329944
4330010
4330346
4330575
4331321
4332911
4333000
4333171
4333865
4334856
4335821
4336148
4336311
4336655
4337601
4337766
4338062
4340097
4340283
4341411
4341617
4341769
4342402
4342600
4343428
4343740
4344077
4345946
4346592
4348739
4349230
4349703
4350213
4350754
4351267
4351416
4352052
4352175
4353268
4354403
4355023
4355902
4356109
4357186
4357882
4358848
4359255
4359612
4359953
4359965
4360203
4360359
4360452
4361527
4363083
4363138
4363230
4364047
4364629
4364758
4365616
4366006
4366766
4367379
4368295
4368884
4369457
4369980
4370073
4370085
4371815
4371902
4372486
4372996
4373058
4373201
4373296
4374960
4374981
4376115
4377895
4378246
4379175
4379582
4379842
4379860
4381785
4382386
4382584
4383454
4384429
4384731
4385203
4385337
4386069
4386767
4387243
4387742
4388250
4388274
4388352
4388395
4388870
4389370
4389467
4390182
4391281
4391471
4392246
4392270
4392888
4393388
4394461
4394697
4394730
4394854
4395071
4395558
4395905
4395942
4396245
4396293
4397623
4397800
4397918
4398115
4398158
4398523
4398850
4399091
4399563
4400201
4400284
4400321
4400362
4400795
4401095
4401859
4403858
4405495
4406332
4406415
4406433
4406668
4406767
4406928
4407374
4407983
4408235
4409508
4409777
4409941
4410759
4411078
4411291
4411597
4411680
4412543
4413588
4413623
4413678
4413764
4414812
4415267
4416177
4416473
4416882
4419946
4420586
4421021
4421143
4421202
4421361
4421494
4422233
4422860
4422881
4423464
4424227
4426575
4426761
4428253
4428660
4429300
4429314
4429391
4429836
4431181
4432475
4432638
4433164
4433734
4434039
4434259
4434303
4434673
4435086
4435519
4435727
4436487
4437207
4438145
4439560
4439776
4440772
4440988
4441325
4441864
4442020
4442139
4443079
4443823
4444026
4445754
4446405
4446437
4446844
4447049
4447885
4447891
4449000
4449434
4451921
4452157
4453424
4453583
4454746
4455161
4455347
4455645
4455755
4456986
4457679
4458461
4459253
4460657
4461103
4462149
4462943
4463489
4463563
4463975
4464548
4464557
4464750
4466410
4467639
4467732
4467791
4467816
4468712
4469042
4469126
4469285
4469930
4470230
4470539
4470596
4471186
4472086
4472502
4472588
4472857
4473123
4473603
4473697
4473836
4473947
4473953
4474696
4474805
4476214
4476546
4477933
4478517
4478632
4478704
4478864
4479071
4479311
4479395
4479870
4480449
4480767
4481157
4481762
4482193
4482313
4482341
4483217
4483906
4484273
4485303
4485402
4485685
4485843
4486077
4486407
4486413
4486474
4487008
4487405
4487734
4487797
4487855
4489640
4489782
4490466
4490906
4491020
4491268
4491683
4491750
4492974
4493100
4493274
4493533
4494426
4495463
4496872
4497013
4497098
4497385
4499855
4500613
4500650
4500669
4500818
4501542
4501943
4502033
4503263
4504367
4504418
4504766
4506141
4508424
4509618
4510819
4510922
4512214
4512695
4513698
4514155
4515015
4515832
4516258
4516785
4516894
4517045
4517676
4517717
4518587
4519003
4519254
4519396
4519995
4520072
4520260
4521637
4522841
4524268
4525041
4525105
4525137
4525181
4525808
4527541
4527785
4527997
4528361
4528565
4528650
4530000
4530227
4530917
4532901
4533502
4535322
4536068
4536776
4537303
4537761
4539249
4539393
4539418
4540836
4541401
4541439
4541447
4541916
4541981
4542489
4542975
4543217
4544078
4544150
4544652
4544695
4544739
4547539
4548582
4548946
4548951
4549092
4549297
4549495
4550787
4551018
4551305
4552895
4553868
4554375
4556518
4557404
4558454
4561224
4562052
4562136
4562989
4563824
4563867
4565589
4566346
4566419
4567807
4569137
4569244
4569276
4570623
4570678
4570743
4571513
4571805
4573355
4573652
4573804
4574594
4574688
4575018
4575378
4576007
4576013
4578185
4578207
4578618
4579237
4581001
4581047
4581303
4582153
4582251
4582337
4582933
4583108
4583140
4583444
4583455
4584082
4584634
4585618
4586478
4586596
4586768
4587593
4588755
4589374
4589468
4589954
4590064
4590535
4590823
4591917
4591954
4592024
4592191
4592327
4592453
4592577
4592834
4592905
4593155
4593259
4593998
4594948
4595718
4595874
4596289
4597126
4597169
4597546
4598883
4600205
4600303
4600517
4601151
4601873
4601891
4602046
4602158
4602709
4603544
4603760
4604566
4604585
4604640
4604915
4604958
4605477
4606166
4606692
4606783
4606846
4608390
4608547
4608973
4609059
4609141
4609150
4610286
4610319
4610507
4610714
4612030
4612533
4612783
4613144
4613163
4613216
4614416
4615448
4616139
4617150
4617475
4617589
4617747
4619077
4619151
4619253
4619317
4619441
4620164
4620460
4620797
4621003
4622004
4622567
4623817
4623910
4624006
4624569
4627087
4628096
4628163
4628583
4628852
4629496
4630263
4631620
4632398
4632622
4633012
4633122
4633906
4634113
4634150
4634680
4635039
4635521
4636247
4636284
4636519
4636832
4637539
4640102
4640171
4640649
4640781
4641126
4641169
4642026
4642404
4642538
4642634
4642996
4643588
4643637
4644250
4644515
4644868
4645635
4647259
4650623
4651286
4652405
4653182
4653551
4657145
4657497
4657936
4658923
4659223
4659402
4659536
4659786
4661096
4661648
4661749
4662305
4662845
4663215
4663286
4664965
4665226
4665380
4665609
4665812
4666333
4666809
4666887
4667090
4668671
4668693
4668850
4669167
4670581
4672614
4672790
4674866
4675492
4676446
4676999
4677947
4679442
4680166
4680846
4681539
4681725
4682204
4682371
4682881
4683268
4685174
4685551
4685877
4686493
4686632
4687731
4687898
4688061
4688616
4689357
4690675
4691580
4693416
4694761
4695407
4697241
4698434
4698509
4699491
4699523
4699763
4700156
4701257
4701664
4702391
4703090
4703474
4703795
4704024
4704088
4704282
4705991
4706104
4706177
4707120
4707456
4708608
4709665
4709757
4711004
4711125
4711321
4711873
4712787
4712911
4714337
4714769
4715105
4716157
4716577
4717665
4718734
4718844
4719318
4719710
4720165
4720196
4720713
4721422
4722060
4722273
4722597
4723111
4723528
4723674
4723914
4724120
4725317
4725873
4726052
4726175
4726455
4727762
4728307
4729070
4729158
4729254
4729938
4730017
4730626
4730789
4731003
4731688
4731826
4732354
4732450
4732779
4733050
4733082
4733670
4734487
4735085
4735119
4735658
4736652
4736710
4738216
4738758
4739620
4740033
4740189
4740239
4741222
4741324
4741345
4741388
4742322
4743005
4743861
4744068
4744365
4744835
4745394
4748114
4748364
4751685
4752342
4753492
4753601
4753639
4753729
4755663
4757168
4757435
4757738
4757780
4758236
4758473
4758594
4759737
4759908
4760215
4761374
4761563
4762504
4763281
4763632
4764106
4764143
4764991
4765275
4765365
4765372
4765787
4765979
4766092
4766479
4767499
4767551
4768788
4769556
4771590
4771799
4772014
4772398
4773485
4775632
4775827
4777596
4777948
4778356
4778550
4778773
4779246
4780003
4780906
4781147
4782242
4782982
4783577
4783655
4784450
4784469
4784764
4784780
4784866
4784955
4787209
4787391
4787972
4788023
4788060
4789572
4789932
4790533
4790736
4793305
4793480
4794295
4794425
4794737
4795652
4795890
4796039
4796096
4796950
4797177
4797429
4798228
4798317
4798743
4799840
4800158
4800262
4800372
4800964
4802084
4802467
4803994
4804004
4804340
4806029
4806518
4807357
4810178
4810745
4810928
4811071
4811207
4811558
4812167
4812451
4812555
4812999
4813537
4813964
4814796
4815131
4815192
4815294
4815430
4816588
4816857
4817062
4817138
4817528
4819196
4820174
4820417
4820849
4820858
4821312
4821424
4823154
4823653
4823837
4824670
4825030
4825439
4825825
4826180
4826224
4826892
4827321
4827498
4827694
4828190
4828505
4828911
4829518
4829921
4830006
4830080
4830455
4830729
4830816
4831206
4831280
4831686
4831742
4832561
4832721
4833001
4833047
4833913
4833969
4834607
4835763
4836958
4837475
4837551
4837627
4837695
4839146
4839272
4839992
4840067
4840897
4841510
4841797
4841973
4842011
4842463
4842541
4843031
4843532
4843819
4845858
4846749
4847980
4848642
4849612
4850316
4851050
4851181
4852551
4852886
4853075
4853179
4854632
4854950
4855077
4855706
4855866
4855918
4856027
4856215
4856791
4857395
4857558
4859025
4859097
4860501
4861254
4863928
4864027
4864079
4864420
4864881
4864997
4865563
4866113
4866392
4867196
4867636
4868790
4868838
4868843
4869030
4869515
4869577
4869620
4870517
4871103
4871623
4871779
4872688
4873211
4874018
4874774
4875287
4875928
4877222
4877345
4877997
4878442
4878768
4879861
4879902
4880810
4882543
4882883
4882910
4883022
4884132
4887467
4888246
4890197
4892900
4893638
4894158
4894560
4895110
4895585
4896817
4896901
4896910
4898846
4899540
4901216
4901278
4902819
4903388
4903418
4903696
4904939
4906528
4906703
4906973
4907201
4907272
4907524
4907706
4908115
4908906
4908980
4909206
4910637
4910963
4911878
4912635
4913462
4914457
4914505
4915713
4916357
4917716
4917737
4918148
4919562
4919950
4920051
4921893
4922278
4922430
4922685
4923740
4923994
4924931
4925420
4926280
4926563
4927013
4927651
4927901
4928229
4928483
4929106
4929304
4929494
4930311
4931021
4931478
4931572
4931876
4932409
4933479
4933617
4933961
4935023
4935784
4936242
4936632
4936648
4936722
4937158
4937645
4938134
4938426
4938866
4939218
4939477
4939756
4940027
4940261
4940302
4940356
4940773
4941145
4941188
4941509
4941649
4942762
4943325
4943488
4943786
4944111
4944138
4944789
4944844
4945709
4946101
4946139
4946234
4947436
4948415
4948461
4948840
4949711
4949848
4949857
4950998
4951112
4952581
4952964
4953705
4954443
4954585
4955689
4956250
4956327
4957162
4957222
4957487
4958712
4958831
4958929
4959680
4960156
4960425
4960778
4961363
4962552
4963284
4963407
4964311
4964889
4965914
4968270
4968337
4968495
4969079
4969455
4970378
4970452
4971385
4972200
4975743
4975800
4976064
4977754
4978171
4978313
4978398
4978716
4979046
4979384
4980669
4982004
4982474
4982637
4982659
4982752
4983422
4983972
4984526
4984639
4984732
4985264
4985531
4986023
4986060
4986273
4986611
4986638
4987018
4987654
4987958
4988281
4989019
4990719
4990862
4991088
4992227
4992313
4992451
4992563
4993602
4993619
4994765
4995047
4995084
4995187
4995346
4995685
4996866
4999018
4999063
4999076
4999337
4999381
4999464
4999871
5002765
5002822
5002930
5004278
5004346
5004685
5006064
5006215
5006302
5006665
5008425
5008690
5008908
5009236
5010071
5010504
5011607
5011855
5012136
5012934
5013076
5013381
5013438
5014211
5014307
5015042
5015643
5016053
5016864
5016895
5016913
5016935
5017310
5017365
5017523
5017671
5018976
5019366
5019719
5019756
5020206
5020544
5020975
5021877
5022461
5023189
5023885
5024067
5027493
5028225
5028359
5028411
5028819
5029653
5029714
5030588
5031162
5031393
5031574
5032478
5032572
5032789
5033107
5034505
5034516
5035101
5035566
5036580
5036730
5037398
5038071
5038114
5038484
5038561
5040725
5042022
5042125
5042308
5043332
5044455
5044492
5044653
5044878
5046454
5046890
5047212
5048397
5048749
5051132
5052403
5053221
5053262
5053339
5055039
5057442
5057751
5058249
5059360
5059675
5059949
5062278
5062346
5062599
5062657
5064441
5064660
5064706
5066326
5066398
5067276
5068570
5070512
5072203
5072305
5072566
5073431
5074862
5074996
5075364
5075620
5075937
5076626
5076929
5078429
5078841
5079227
5079794
5080700
5081468
5081555
5081604
5081896
5082708
5083554
5083950
5084572
5084751
5084855
5085104
5085221
5085365
5085457
5085718
5086153
5086819
5088603
5088883
5088910
5088965
5089588
5090704
5090998
5091033
5091711
5092841
5093489
5093633
5093896
5094305
5094360
5094566
5094830
5095422
5095449
5095486
5095579
5095724
5095767
5096045
5096736
5097729
5097997
5098377
5098991
5099273
5099919
5102533
5102942
5103163
5105559
5106933
5108050
5108730
5109058
5109918
5110570
5110728
5112009
5112305
5112316
5112443
5114670
5115282
5115812
5116219
5116626
5117426
5120984
5121306
5121522
5122412
5122544
5122649
5123089
5123850
5124016
5124701
5125521
5125907
5126228
5126605
5126829
5126848
5127083
5127553
5127565
5127613
5127641
5128418
5128507
5128526
5128696
5128714
5128766
5130221
5130826
5131548
5131915
5132131
5132811
5133812
5133846
5134814
5134873
5134909
5135136
5136690
5136896
5137625
5138392
5139106
5139143
5139322
5139596
5140260
5141340
5142850
5143369
5144139
5144342
5144548
5144617
5145160
5145220
5145329
5145527
5146157
5147261
5147393
5148682
5148985
5149135
5149804
5150604
5150658
5151016
5151344
5151462
5152074
5152276
5152458
5152730
5153885
5154100
5154129
5154717
5155613
5155698
5156089
5156365
5159108
5159261
5159816
5160340
5160524
5160605
5161199
5161569
5162230
5162405
5162584
5162641
5165438
5165824
5166013
5168586
5169657
5170338
5170465
5170754
5171099
5171293
5171797
5172393
5173234
5173573
5174091
5175214
5175483
5176370
5176879
5176880
5177240
5178146
5179159
5179415
5179564
5179603
5179767
5179817
5180203
5181391
5181579
5181646
5182877
5183333
5184777
5187071
5187708
5187889
5189372
5190106
5190698
5191396
5191693
5192426
5192873
5193244
5193595
5193719
5194117
5194837
5196363
5197654
5198120
5199889
5201278
5201294
5202961
5206164
5206481
5206914
5207061
5207944
5208208
5208429
5209555
5209649
5210362
5210556
5211732
5212855
5213606
5214046
5214347
5214898
5214980
5215427
5215640
5216391
5217497
5217509
5218024
5218687
5218937
5218959
5220262
5220372
5220578
5221031
5222666
5223306
5223676
5224435
5225222
5225261
5225598
5225757
5226171
5226962
5227366
5227668
5228546
5229054
5229180
5229361
5229390
5229703
5231553
5231682
5232393
5232418
5232487
5232526
5233636
5235135
5235815
5236192
5236691
5237149
5237906
5238375
5238976
5239178
5241531
5242002
5242428
5242783
5243303
5245656
5246009
5246063
5246961
5247417
5247570
5247747
5250163
5250673
5251593
5252236
5253341
5253633
5255178
5255506
5256410
5258017
5258230
5258844
5259483
5260398
5261198
5262069
5262477
5263265
5264812
5264834
5265040
5265111
5265528
5265734
5265746
5267163
5268044
5268055
5268617
5268769
5268986
5268990
5269154
5269816
5270683
5271808
5272525
5274554
5274969
5275474
5275909
5276371
5276816
5276946
5277024
5278048
5278341
5279328
5280304
5280887
5281133
5281906
5282210
5282498
5282524
5282660
5282955
5283035
5285412
5285865
5287566
5287617
5287735
5287867
5288144
5288205
5288935
5289235
5289364
5289960
5290357
5290477
5293158
5294200
5294214
5294483
5295065
5295281
5295600
5295790
5296987
5297333
5297553
5300350
5300742
5300983
5302595
5302808
5303556
5303567
5304558
5304577
5304803
5305386
5305929
5306835
5307575
5307941
5308750
5309006
5310010
5310223
5310389
5311780
5312906
5313520
5313661
5313705
5314172
5314270
5314480
5314830
5315854
5316071
5316410
5317222
5317816
5317934
5317997
5318481
5319285
5319546
5319861
5319919
5319930
5320076
5320802
5322023
5322198
5322679
5322902
5323152
5323900
5323948
5324028
5324419
5324508
5324913
5325524
5325642
5325706
5325992
5326064
5326492
5328335
5328382
5328999
5329012
5331776
5332033
5332764
5333348
5333449
5334183
5334290
5335847
5337411
5338096
5338109
5338187
5338216
5338806
5338895
5339327
5340764
5341011
5341121
5342008
5342195
5342820
5342973
5343169
5343291
5343344
5343355
5343833
5346422
5346433
5347073
5347403
5347760
5347847
5347983
5348721
5350078
5350107
5350331
5351278
5352305
5353095
5353610
5354314
5355868
5356650
5357170
5357354
5357567
5358025
5358299
5358560
5358671
5358709
5358980
5359307
5359374
5359382
5359425
5359563
5361872
5363242
5363629
5364138
5364626
5365262
5365731
5366009
5366608
5367440
5368862
5368947
5369857
5371692
5371959
5372145
5372279
5373177
5373186
5373537
5374597
5375039
5375508
5375941
5376743
5377892
5378684
5378748
5379316
5379557
5380457
5383173
5383274
5383577
5383721
5384426
5384605
5386509
5386615
5387082
5387433
5387595
5387634
5388273
5388784
5389405
5392136
5392204
5392290
5393268
5393608
5394206
5394446
5395858
5395877
5396852
5397003
5398780
5398976
5401378
5401662
5401713
5402325
5404885
5406264
5407767
5408546
5408627
5409224
5409271
5409768
5410007
5410646
5411132
5412313
5412446
5413012
5413149
5414107
5414695
5415648
5416317
5417099
5417887
5417966
5418064
5418757
5419782
5420078
5420320
5421163
5421982
5422268
5422427
5424527
5424901
5425721
5427362
5427795
5427800
5428025
5428776
5429252
5429382
5430696
5432960
5433001
5433521
5434143
5435161
5436128
5436514
5436726
5436867
5437331
5437822
5437967
5438579
5439239
5439814
5440631
5442550
5442639
5443110
5443479
5444295
5445285
5447850
5448265
5448571
5449276
5449329
5449385
5449543
5449730
5450139
5450735
5451098
5451178
5451821
5451840
5451996
5452141
5452454
5452503
5452568
5452739
5453349
5453405
5453844
5453855
5453876
5455920
5456647
5457687
5459559
5461190
5461671
5461980
5462189
5462426
5462857
5463385
5463415
5463538
5463603
5463719
5465451
5465633
5467438
5467958
5468084
5468456
5468508
5469549
5470039
5470493
5471362
5471944
5472365
5474196
5474268
5474977
5475074
5475357
5475580
5475808
5476282
5476504
5476620
5476655
5477330
5478358
5478703
5478863
5479060
5479454
5479772
5479804
5480130
5480156
5480544
5481924
5482490
5483112
5484166
5484447
5484687
5485143
5485195
5485459
5485650
5485966
5486578
5486763
5487205
5487758
5488087
5488323
5490146
5490829
5491418
5491444
5491997
5493150
5496013
5496486
5496564
5497193
5498241
5499294
5499419
5499935
5500508
5500632
5500941
5501015
5501660
5501738
5501873
5503188
5503677
5504464
5505836
5506235
5506250
5506916
5507233
5507569
5507934
5508224
5508245
5508613
5509214
5509320
5511211
5513131
5513691
5514669
5514746
5514876
5515353
5515671
5515882
5516337
5517344
5518041
5518231
5518724
5519474
5520271
5520386
5520459
5521559
5521720
5521755
5522112
5522482
5523074
5523651
5524859
5525000
5525509
5525587
5525884
5526363
5526421
5527438
5527514
5527713
5527977
5528163
5529024
5529132
5529241
5530646
5531045
5531166
5532048
5532382
5533952
5535039
5535673
5535864
5536112
5536189
5537481
5537985
5538805
5539063
5539184
5539342
5540908
5542218
5543090
5544439
5544708
5544721
5546254
5547278
5547351
5548438
5548802
5549732
5550033
5550151
5550530
5550637
5551261
5552008
5552062
5552442
5552669
5552900
5553499
5553664
5553739
5553988
5554731
5554980
5555165
5556564
5556901
5557252
5557661
5558846
5559144
5559424
5559517
5560059
5560440
5560638
5560643
5560804
5561065
5561673
5563052
5563175
5563639
5563748
5564433
5565395
5565692
5567321
5567450
5567502
5570491
5570792
5570898
5570906
5571212
5572028
5572259
5572838
5572852
5573045
5574033
5574340
5576264
5578135
5578309
5578765
5579377
5580185
5580364
5580395
5580803
5581809
5582356
5582393
5583316
5583621
5583713
5584975
5585728
5586880
5587177
5587347
5587400
5587927
5588265
5588375
5588482
5589178
5589385
5589953
5590196
5590495
5590798
5591209
5591603
5591817
5593195
5593572
5594281
5594704
5594879
5595711
5596842
5596903
5596946
5598066
5600478
5600820
5601221
5601630
5602086
5602189
5602426
5602588
5602694
5603218
5603836
5603862
5604785
5605921
5606728
5607139
5607662
5608176
5608536
5610394
5611007
5611348
5611883
5612174
5612971
5613054
5613256
5613349
5613820
5613844
5614192
5614614
5615678
5615920
5616011
5618759
5618794
5618908
5619874
5620053
5620913
5621170
5622365
5622850
5622911
5623555
5623896
5623962
5624076
5624212
5624246
5625373
5627183
5627204
5627773
5628271
5629016
5629525
5629551
5629930
5630243
5631454
5632366
5634338
5634379
5634410
5634897
5635481
5636523
5636624
5636667
5636979
5637456
5637471
5637749
5638063
5638699
5639791
5640292
5641586
5641834
5642264
5642369
5642677
5643491
5643630
5644861
5644886
5644890
5645047
5645368
5645673
5645950
5646556
5646779
5647288
5647423
5647565
5648420
5649110
5650068
5651165
5651617
5651824
5652402
5653327
5654197
5654336
5654727
5654944
5655881
5656686
5657160
5658363
5658993
5659040
5659669
5659712
5660561
5660846
5661083
5661501
5661734
5662823
5663128
5663251
5663305
5663359
5663495
5663726
5663819
5665126
5665182
5666351
5667217
5667485
5667491
5667792
5667850
5668189
5668247
5668413
5670519
5670530
5670795
5671476
5673059
5673150
5673534
5674221
5674457
5674979
5677716
5677936
5678157
5679811
5679838
5680169
5680568
5680861
5683968
5684767
5685905
5687284
5688485
5689057
5689211
5689403
5689587
5690541
5690647
5691801
5692269
5692453
5694040
5694494
5694641
5694789
5694797
5694929
5695624
5696184
5696495
5696893
5697886
5698069
5698477
5698490
5699112
5699848
5702238
5703624
5704804
5704919
5705120
5706588
5706885
5707054
5708696
5709076
5709464
5710674
5711046
5711671
5712413
5713329
5714507
5714601
5714610
5715382
5715658
5715661
5716546
5716988
5719311
5719721
5719775
5721211
5721686
5721872
5722157
5722327
5722364
5723072
5723312
5723370
5723673
5724674
5725414
5727059
5727886
5728580
5728603
5729228
5729588
5730334
5730370
5731086
5731317
5731354
5732025
5732414
5733759
5733853
5733921
5734557
5734735
5734888
5734977
5735579
5736496
5736515
5737215
5738725
5738914
5739141
5739355
5739421
5739551
5739638
5740046
5740221
5740807
5740952
5741044
5741381
5741585
5741640
5742599
5742913
5742950
5744228
5744239
5744556
5745420
5745487
5745925
5745934
5745951
5747116
5747579
5747646
5748037
5748376
5748627
5748822
5749358
5750897
5750959
5752117
5752324
5752476
5752785
5752881
5753411
5753500
5754145
5754341
5754723
5755454
5755483
5755512
5756144
5756562
5757051
5757339
5757693
5758253
5760063
5760147
5760203
5760394
5761996
5763180
5763770
5764303
5764554
5765354
5766095
5767148
5767721
5767754
5767981
5768193
5768295
5768576
5768999
5769448
5770091
5770369
5770412
5770759
5771059
5771988
5772074
5772899
5773103
5773450
5773502
5773623
5773873
5775256
5775315
5775349
5777205
5777260
5778055
5778617
5779038
5779356
5779684
5781431
5781732
5783652
5784328
5784709
5785323
5785977
5786142
5786477
5786625
5787073
5787124
5787382
5788620
5788937
5789540
5790126
5790499
5790861
5791540
5792662
5792977
5794899
5795173
5795250
5795692
5795942
5796669
5798177
5798448
5799633
5800354
5800530
5801748
5803042
5803877
5803956
5804938
5805153
5806050
5806069
5807468
5807760
5807975
5808185
5808692
5810032
5810446
5811232
5811273
5811589
5812449
5813015
5813022
5814620
5815377
5815596
5815650
5816097
5816221
5817216
5817346
5817704
5820577
5821948
5822258
5822418
5823566
5823675
5823750
5824279
5825436
5826334
5826583
5826691
5827720
5829910
5830289
5830557
5831041
5832664
5832772
5833075
5833481
5833751
5836628
5836860
5837364
5837453
5839400
5840804
5841109
5841722
5842495
5842514
5843881
5845740
5845762
5846876
5847605
5847637
5847678
5848177
5848594
5849742
5850757
5850860
5851066
5852352
5852717
5853205
5853259
5853521
5853811
5854572
5854809
5855310
5856662
5857078
5860517
5860926
5861435
5861976
5863000
5863369
5865007
5866736
5867569
5868075
5868818
5868876
5870746
5870768
5870929
5871559
5871995
5872336
5872545
5872678
5873422
5873702
5874507
5875048
5876512
5877063
5877464
5879618
5879942
5881740
5882781
5882828
5883473
5883624
5884387
5886049
5886308
5886498
5887494
5888324
5888476
5888732
5889427
5889871
5890448
5891427
5892843
5893226
5894284
5894317
5894399
5894413
5895027
5895569
5896091
5896238
5897292
5897329
5898525
5899674
5899698
5900045
5900191
5901607
5903961
5904252
5904398
5904658
5904661
5905200
5906120
5906187
5906312
5906704
5906838
5908296
5908321
5908502
5908848
5908866
5908909
5908920
5910190
5910429
5910559
5910850
5910911
5911165
5911378
5911933
5912010
5912827
5912843
5913019
5913030
5913157
5914210
5914253
5917543
5918150
5919478
5919553
5919650
5919991
5920362
5920441
5920706
5921162
5922333
5923150
5923174
5923551
5923643
5924034
5924149
5924718
5925479
5925856
5926433
5926862
5927032
5927048
5927489
5929614
5929974
5930214
5930833
5933535
5933951
5935207
5935620
5935736
5936635
5936650
5937362
5937637
5938025
5938384
5939374
5939563
5940020
5940110
5940289
5940683
5940845
5940871
5940922
5941074
5941836
5942229
5942753
5942924
5944312
5944488
5944722
5945112
5945616
5946878
5946881
5947834
5948592
5948633
5949560
5949602
5950751
5951283
5951372
5951927
5952197
5953433
5953719
5953953
5954038
5954249
5954277
5954319
5954628
5954773
5955243
5955470
5955633
5956078
5956861
5957018
5957662
5958777
5958827
5958895
5959522
5959644
5959775
5959851
5960050
5960461
5960511
5961056
5961269
5962615
5963414
5963906
5964833
5965278
5965673
5966247
5968052
5968729
5968766
5969165
5970064
5970934
5971468
5971509
5971658
5973294
5974099
5974127
5974288
5974528
5975089
5975262
5975835
5976636
5976726
5977387
5977919
5978035
5978218
5978579
5978771
5979660
5979681
5979918
5980144
5982516
5982718
5982763
5982943
5982979
5983167
5983279
5983828
5984360
5984411
5985724
5985817
5986533
5987371
5988195
5988613
5989971
5990085
5990307
5991784
5992730
5992767
5993197
5993502
5993814
5994024
5994439
5994465
5995674
5996537
5996943
5998044
5998316
5998713
5999183
6000255
6000292
6000543
6000984
6001522
6001937
6002451
6002839
6003115
6003826
6004483
6005419
6005614
6007789
6007973
6009270
6010256
6010510
6010929
6011186
6011581
6012272
6012519
6013218
6013579
6013730
6014878
6015124
6015307
6015810
6015975
6017621
6018187
6019274
6020095
6020356
6020569
6020859
6023039
6023192
6023397
6024127
6024698
6024932
6025882
6026378
